<?xml version="1.0"?>
<opencv_storage>
<imagePoints>
  <_ type_id="opencv-matrix">
    <rows>70</rows>
    <cols>1</cols>
    <dt>"2d"</dt>
    <data>
      8.7543911019315942e+002 3.7835948616046625e+002
      9.0360494038004981e+002 3.7655743134750008e+002
      9.3106911393590622e+002 3.7565755287329370e+002
      9.5745781725710503e+002 3.7532960148562887e+002
      9.8264486075314687e+002 3.7533899498132291e+002
      1.0064815781034473e+003 3.7571164079940201e+002
      1.0288871780081861e+003 3.7654638369754446e+002
      8.8274800079861450e+002 4.0462212475794041e+002
      9.1203989248836365e+002 4.0364691406244106e+002
      9.4032325469074840e+002 4.0312897771271736e+002
      9.6739441784462690e+002 4.0305545063589881e+002
      9.9293381428797886e+002 4.0341139843307701e+002
      1.0173378484647823e+003 4.0403741621763771e+002
      1.0397401586514038e+003 4.0471056770675426e+002
      8.8902706878516358e+002 4.3426114154026567e+002
      9.1917965611515046e+002 4.3350844000962161e+002
      9.4822615013979146e+002 4.3354540744951095e+002
      9.7568139029106044e+002 4.3358191572710598e+002
      1.0018249234234478e+003 4.3432111372611848e+002
      1.0262094520696205e+003 4.3462674065262587e+002
      1.0490423929961871e+003 4.3552465967791773e+002
      8.9339383401957173e+002 4.6621788869547026e+002
      9.2434461010302005e+002 4.6635280294999222e+002
      9.5391417157449769e+002 4.6653536995807156e+002
      9.8201473249681987e+002 4.6690874825377620e+002
      1.0084579286747320e+003 4.6745179818538799e+002
      1.0330217820585788e+003 4.6777028553198596e+002
      1.0560340281100293e+003 4.6841653855192897e+002
      8.9540130841740699e+002 5.0043623656434164e+002
      9.2680289426054867e+002 5.0112870107030739e+002
      9.5714526777396350e+002 5.0161647468588694e+002
      9.8552967899479108e+002 5.0226906860189246e+002
      1.0123564057798147e+003 5.0245020664305002e+002
      1.0371564467547705e+003 5.0262284466213572e+002
      1.0603331438501102e+003 5.0286767328290512e+002
      8.9470518824593000e+002 5.3561864982211432e+002
      9.2665852369030279e+002 5.3683212885225635e+002
      9.5726332970668284e+002 5.3774830922247634e+002
      9.8611923797741815e+002 5.3840869856686163e+002
      1.0132227189415162e+003 5.3848627312740462e+002
      1.0383028053452431e+003 5.3859533933361740e+002
      1.0615577649147299e+003 5.3848570701169467e+002
      8.9113667899374377e+002 5.7074513766496489e+002
      9.2330494342253064e+002 5.7271858360515171e+002
      9.5416014034151897e+002 5.7427749075410054e+002
      9.8328818414251998e+002 5.7473940746909716e+002
      1.0105790156712670e+003 5.7510916477978571e+002
      1.0361786034280290e+003 5.7477295994156407e+002
      1.0597163690452082e+003 5.7434010276734216e+002
      8.8488846676636024e+002 6.0502198719184764e+002
      9.1711235132608954e+002 6.0765705060558821e+002
      9.4789441606774051e+002 6.0945139122594776e+002
      9.7726454843919180e+002 6.1040605347862174e+002
      1.0047930867553019e+003 6.1056380930907778e+002
      1.0306843141379479e+003 6.1038197056103320e+002
      1.0547891820910791e+003 6.0956543575400121e+002
      8.7654302050783838e+002 6.3697341112133836e+002
      9.0834371076743946e+002 6.4053198190454327e+002
      9.3904409005090008e+002 6.4290340279680186e+002
      9.6845563828309923e+002 6.4429464822191380e+002
      9.9635365664776691e+002 6.4461829436215896e+002
      1.0224095304366082e+003 6.4445612561962821e+002
      1.0468545594429661e+003 6.4350675586887587e+002
      8.6640633506000358e+002 6.6660862376871762e+002
      8.9770848035013375e+002 6.7063272617035580e+002
      9.2827178463146004e+002 6.7372369647407697e+002
      9.5742165624876566e+002 6.7555803993536813e+002
      9.8526731430483028e+002 6.7643707340666413e+002
      1.0116543381308502e+003 6.7648396356821081e+002
      1.0364153679672193e+003 6.7569005282088813e+002</data></_>
  <_ type_id="opencv-matrix">
    <rows>70</rows>
    <cols>1</cols>
    <dt>"2d"</dt>
    <data>
      8.1998146815957625e+002 3.0048054858732269e+002
      8.4866976242173666e+002 2.8550908240768757e+002
      8.7767441447754481e+002 2.7107817359616820e+002
      9.0675060026320443e+002 2.5736718011342055e+002
      9.3527680698390736e+002 2.4457961314286646e+002
      9.6300826744261963e+002 2.3282966675409642e+002
      9.8981851440979688e+002 2.2201349447194784e+002
      8.3645820713115540e+002 3.2656104433027360e+002
      8.6662989226481159e+002 3.1243136713699010e+002
      8.9684677253783059e+002 2.9865938360498194e+002
      9.2680939676625599e+002 2.8567855663455617e+002
      9.5630771379692590e+002 2.7341492497463230e+002
      9.8454141169152831e+002 2.6213935253921761e+002
      1.0117196714834035e+003 2.5164866238685633e+002
      8.5197341988779306e+002 3.5572249989560220e+002
      8.8331731071489378e+002 3.4240166590898633e+002
      9.1459848096634346e+002 3.2957247118915575e+002
      9.4553220528754207e+002 3.1730950718559865e+002
      9.7538356885991561e+002 3.0561844232907487e+002
      1.0041958387945150e+003 2.9470022408645457e+002
      1.0316221817943465e+003 2.8469240678520003e+002
      8.6582066343016811e+002 3.8718236968750716e+002
      8.9798166985793250e+002 3.7509750062204660e+002
      9.3020384028284695e+002 3.6334088656394835e+002
      9.6151974442411893e+002 3.5166294568529503e+002
      9.9190517087272463e+002 3.4068515676787405e+002
      1.0209432745894118e+003 3.3017185487819665e+002
      1.0486559982389251e+003 3.2034878775421464e+002
      8.7757633017560613e+002 4.2010007575034490e+002
      9.1016384675622248e+002 4.0940456776393108e+002
      9.4260727436986394e+002 3.9873595211387487e+002
      9.7463325271703957e+002 3.8802224197821960e+002
      1.0051136741554627e+003 3.7762095167099574e+002
      1.0343730057215503e+003 3.6755162544000103e+002
      1.0622272542034568e+003 3.5783883778035010e+002
      8.8637873995318762e+002 4.5343431385131339e+002
      9.1923316057138072e+002 4.4433477533941652e+002
      9.5185585368034799e+002 4.3464586871285741e+002
      9.8372821785192048e+002 4.2512154741046089e+002
      1.0146808156348977e+003 4.1539397362461506e+002
      1.0438389667387744e+003 4.0577349806049301e+002
      1.0718464243960141e+003 3.9625894449977181e+002
      8.9236593112302330e+002 4.8603775288867757e+002
      9.2512836659420930e+002 4.7839538811212344e+002
      9.5763170073954575e+002 4.7014929986158836e+002
      9.8953207377705030e+002 4.6154078607040890e+002
      1.0202908137564526e+003 4.5267501055985457e+002
      1.0495315152499409e+003 4.4365385711990376e+002
      1.0775443788885723e+003 4.3463491044775066e+002
      8.9578745051502870e+002 5.1714895349136179e+002
      9.2809632482840743e+002 5.1086121985255124e+002
      9.6027851321716605e+002 5.0416328372792151e+002
      9.9163000705262436e+002 4.9662133129523625e+002
      1.0222916067430083e+003 4.8860354622409989e+002
      1.0515519956107760e+003 4.8033371356824620e+002
      1.0795235662993673e+003 4.7179565752765967e+002
      8.9726286951028021e+002 5.4610708830665021e+002
      9.2862217213834163e+002 5.4133562419048201e+002
      9.5992710628324062e+002 5.3565183764714584e+002
      9.9103898669803164e+002 5.2943882716104372e+002
      1.0212506559110298e+003 5.2244899436113712e+002
      1.0503962998500140e+003 5.1509524028007354e+002
      1.0783147789349655e+003 5.0719944472578129e+002
      8.9659678622743297e+002 5.7239845634864844e+002
      9.2720074662481954e+002 5.6897151871770996e+002
      9.5765963399083580e+002 5.6464222189703003e+002
      9.8803529361771075e+002 5.5948409867309783e+002
      1.0177115069900382e+003 5.5364217600285622e+002
      1.0464828743917210e+003 5.4690027852220283e+002
      1.0741160958566695e+003 5.4010021466425724e+002</data></_>
  <_ type_id="opencv-matrix">
    <rows>70</rows>
    <cols>1</cols>
    <dt>"2d"</dt>
    <data>
      7.0103249372562436e+002 2.3638578966326139e+002
