R
[0, 0, 0;
  0, 0, 0;
  0, 0, 0]
[0, 0, 0;
  0, 0, 0;
  0, 0, 0]
[0, 0, 0;
  0, 0, 0;
  0, 0, 0]
[0, 0, 0;
  0, 0, 0;
  0, 0, 0]
[0, 0, 0;
  0, 0, 0;
  0, 0, 0]
[0, 0, 0;
  0, 0, 0;
  0, 0, 0]
[0, 0, 0;
  0, 0, 0;
  0, 0, 0]
[0, 0, 0;
  0, 0, 0;
  0, 0, 0]
[0, 0, 0;
  0, 0, 0;
  0, 0, 0]
[0, 0, 0;
  0, 0, 0;
  0, 0, 0]
[-0.5098714216605084, 0.0987482979878426, 0.8545641620255301;
  -0.2246155809681819, -0.9742115237024416, -0.02144173201244269;
  0.8304089198462515, -0.2028809521119998, 0.5189030209103723]
[0, 0, 0;
  0, 0, 0;
  0, 0, 0]
[0.1351697057272714, 0.9805326940175924, 0.1424246699704988;
  -0.3768276061689382, 0.1838159640179051, -0.9078615789872132;
  -0.9163678878499565, 0.06904583502841348, 0.3943381376213042]
[0, 0, 0;
  0, 0, 0;
  0, 0, 0]
[0.7247812446622313, 0.3895435126184745, 0.5682851389599479;
  -0.1109507756587339, 0.8800473387913217, -0.4617430095486428;
  -0.6799868180829627, 0.2716109962118122, 0.681061960448706]

T
[0, 0, 0]
[0, 0, 0]
[0, 0, 0]
[0, 0, 0]
[0, 0, 0]
[0, 0, 0]
[0, 0, 0]
[0, 0, 0]
[0, 0, 0]
[0, 0, 0]
[1.78181, 1.09759, 0.47692]
[0, 0, 0]
[-0.129569, -1.51196, 1.00796]
[0, 0, 0]
[0.525608, -0.688707, 0.842797]

All gammma
0 0 0 0 0 0 0 0 0 0 432.428 0 384.594 0 391.827
